
645727
645724
645723
645709
645821
645818
645806
645805
645804
645801
645797
645794
645793
645791
645788
645780
645779
645777
645767
645765
645757
645756
645755
645754
645752
645751
645849
645843
645837
645836
645835
645833
645907
645898
645896
645884
645882
645875
645956
645948
645947
645942
645933
645931
645928
645921
645920
645919
645918
645915
645971
645964
645963
646022
646018
646008
645999
645998
645997
645996
645995
646035
646034
646033
646032
646030
646028
646026
646112
646107
646104
646073
646072
646064
646063
646062
646151
646149
646144
646137
646136
646126
646124
646120
646114
646226
646225
646221
646206
646205
646193
646180
646177
646171
646160
646263
646258
646256
646240
646344
646341
646340
646339
646338
646337
646319
646318
646317
646310
646308
646307
646306
646305
646367
646366
646365
646349
646374
646373
646368
646428
646424
646423
646407
646403
646399
646398
646397
646396
646467
646446
646445
646443
646439
646504
646495
646494
646474
646559
646530
646529
646528
646625
646635
646634
646694
646686
646685
646681
646670
646660
646646
646645
646644
646643
646722
646719
646733
646731
646730
646726
646762
646749
646741
646740
646829
646835
646836
646834
646831
646816
646843
646839
646851
646844
646854
646853
646861
646875
646908
646897
646893
646912
646907
646896
646895
646892
646920
646919
646915
646954
646940
646924
646923
646969
646964
646961
646953
646942
646941
646938
646937
647001
647000
646999
646992
646986
646982
646976
647012
647004
647003
647002
646996
646995
646994
646993
646991
646987
647037
647028
647026
647020
647018
647015
647040
647038
647034
647033
647025
647024
647019
647017
647096
647095
647086
647083
647069
647082
647079
647078
647076
647074
647123
647122
647114
647107
647103
647126
647116
647113
647105
647102
647134
647132
647131
647130
647141
647138
647136
647139
647164
647163
647160
647153
647161
647154
647143
647171
647168
647166
647170
647169
647173
647195
647184
647182
647192
647180
647240
647237
647236
647224
647215
647227
647218
647210
647199
647300
647291
647289
647283
647275
647295
647294
647288
647286
647285
647327
647324
647322
647321
647320
647319
647315
647312
647308
647306
647338
647337
647339
647356
647352
647348
647347
647351
647342
647360
647387
647382
647378
647376
647374
647384
647375
647366
647390
647389
647414
647413
647412
647409
647426
647425
647423
647422
647421
647431
647430
647429
647447
647444
647439
647438
647437
647443
647442
647436
647434
647433
647454
647450
647453
647452
647477
647473
647470
647468
647464
647476
647471
647467
647465
647460
647508
647502
647500
647498
647495
647505
647501
647499
647493
647492
647531
647525
647524
647518
647517
647528
647521
647516
647511
647509
647534
647533
647538
647537
647535
647559
647558
647554
647553
647547
647551
647546
647543
647542
647541
647607
647603
647601
647595
647586
647602
647600
647599
647597
647596
647611
647610
647635
647631
647630
647629
647628
647634
647633
647621
647614
647613
647658
647657
647655
647651
647650
647659
647654
647653
647643
647639
647663
647662
647669
647666
647665
647671
647670
647668
647694
647686
647685
647678
647681
647680
647679
647672
647734
647733
647730
647729
647726
647736
647728
647727
647725
647723
647745
647744
647741
647738
647740
647755
647756
647753
647751
647750
647779
647776
647775
647790
647789
647788
647787
647785
647793
647792
647794
647799
647797
647796
647795
647811
647809
647813
647806
647802
647801
647800
647818
647820
647819
647830
647824
647823
647821
647827
647822
647838
647839
647833
647832
647831
647849
647848
647846
647845
647847
647862
647858
647851
647865
647857
647856
647853
647852
647874
647869
647875
647873
647872
647901
647899
647894
647893
647892
647895
647891
647884
647883
647882
647912
647909
647908
647905
647903
647911
647910
647907
647914
647941
647934
647931
647930
647942
647940
647939
647938
647936
647960
647958
647955
647953
647952
647961
647957
647956
647954
647951
647971
647970
647969
647964
647972
647967
647963
647979
647985
647980
647978
647976
647975
648015
648012
648002
647999
647997
648014
648008
647992
647990
648027
648025
648023
648024
648022
648020
648019
648035
648034
648033
648032
648052
648049
648045
648044
648041
648043
648036
648063
648059
648058
648055
648053
648057
648056
648054
648067
648066
648074
648073
648072
648071
648070
648096
648093
648092
648090
648088
648102
648091
648089
648081
648075
648131
648122
648116
648132
648124
648109
648107
648106
648140
648136
648141
648135
648150
648143
648163
648162
648158
648154
648160
648152
648151
648209
648205
648194
648188
648185
648210
648206
648201
648196
648191
648217
648214
648246
648242
648238
648235
648228
648244
648227
648252
648251
648249
648280
648277
648275
648266
648264
648271
648270
648265
648260
648296
648288
648286
648285
648284
648340
648339
648324
648322
648316
648328
648326
648321
648317
648314
648346
648365
648364
648363
648361
648360
648373
648372
648417
648415
648402
648401
648387
648420
648414
648398
648397
648386
648449
648442
648441
648439
648446
648443
648440
648438
648431
648463
648455
648469
648465
648497
648495
648491
648488
648482
648487
648481
648478
648472
648502
648500
648509
648508
648506
648505
648545
648544
648541
648540
648539
648543
648531
648523
648517
648510
648558
648557
648555
648554
648553
648552
648599
648596
648593
648590
648573
648591
648584
648583
648582
648581
648606
648603
648625
648620
648619
648616
648631
648630
648618
648640
648639
648636
648644
648643
648663
648662
648661
648655
648660
648658
648681
648675
648671
648674
648689
648698
648697
648693
648714
648713
648710
648709
648706
648716
648708
648726
648725
648724
648720
648748
648744
648745
648766
648765
648756
648755
648753
648773
648772
648771
648808
648806
648803
648797
648796
648820
648819
648818
648817
648799
648843
648828
648827
648826
648821
648856
648850
648849
648871
648868
648867
648869
648884
648883
648878
648892
648886
648894
648889
648908
648904
648897
648900
648909
648937
648935
648925
648922
648923
648958
648955
648954
648950
648951
648947
648960
648971
648969
648972
648973
648981
648979
648982
648978
649017
649015
649001
649000
648998
649016
649014
648999
648994
648993
649026
649020
649019
649040
649039
649038
649036
649041
649037
649055
649053
649068
649067
649058
649057
649103
649091
649088
649078
649077
649092
649079
649127
649122
649119
649110
649183
649180
649178
649170
649161
649193
649192
649191
649190
649177
649203
649212
649207
649205
649201
649194
649229
649228
649223
649219
649218
649232
649230
649217
649214
649258
649280
649274
649268
649263
649279
649273
649272
649298
649293
649297
649282
649311
649310
649355
649354
649349
649342
649341
649343
649340
649365
649364
649385
649383
649382
649380
649373
649381
649375
649420
649418
649416
649412
649411
649393
649431
649430
649429
649428
649503
649500
649498
649496
649495
649502
649501
649497
649494
649493
649516
649561
649559
649557
649554
649551
649560
649558
649553
649535
649533
649575
649574
649572
649571
649567
649576
649573
649570
649569
649568
649579
649591
649590
649587
649593
649592
649582
649602
649598
649595
649594
649604
649600
649599
649597
649596
649606
649605
649610
649608
649607
649614
649611
649609
649630
649629
649627
649624
649622
649633
649632
649626
649644
649643
649642
649641
649640
649666
649658
649655
649654
649669
649668
649667
649662
649661
649692
649691
649685
649683
649672
649689
649684
649675
649674
649673
649698
649697
649694
649701
649707
649706
649705
649704
649717
649715
649714
649713
649710
649720
649719
649718
649716
649712
649722
649729
649728
649727
649723
649757
649756
649754
649753
649751
649755
649750
649748
649747
649746
649767
649760
649759
649769
649765
649781
649779
649778
649776
649775
649785
649782
649780
649792
649796
649795
649794
649789
649788
649822
649813
649807
649803
649802
649824
649823
649819
649818
649817
649828
649825
649830
649827
649826
649841
649835
649833
649838
649837
649836
649834
649845
649844
649852
649849
649847
649851
649848
649846
649863
649861
649860
649856
649854
649864
649862
649859
649857
649868
649873
649872
649870
649869
649867
649907
649905
649903
649902
649901
649908
649898
649897
649896
649895
649926
649923
649922
649920
649919
649924
649915
649914
649913
649911
649935
649934
649933
649932
649931
649940
649938
649958
649957
649954
649952
649951
649970
649969
649968
649967
649956
649980
649975
649974
649972
649971
649990
649988
649981
649977
650002
650001
649998
650003
650000
649996
649995
649994
650010
650011
650009
650026
650025
650024
650022
650021
650014
650041
650035
650033
650028
650042
650040
650039
650037
650034
650050
650049
650046
650045
650069
650068
650067
650066
650065
650102
650100
650098
650088
650086
650087
650083
650078
650075
650074
650120
650118
650116
650114
650109
650119
650115
650110
650123
650121
650125
650124
650153
650151
650150
650148
650147
650152
650149
650146
650130
650128
650174
650170
650169
650164
650163
650168
650165
650162
650158
650157
650176
650198
650197
650195
650193
650192
650200
650199
650196
650194
650188
650206
650204
650202
650205
650203
650201
650211
650209
650208
650207
650231
650228
650226
650224
650222
650225
650223
650221
650220
650243
650240
650238
650244
650242
650241
650239
650236
650255
650252
650250
650246
650245
650254
650248
650270
650265
650263
650261
650258
650269
650283
650281
650280
650278
650277
650279
650276
650275
650287
650285
650313
650311
650309
650308
650307
650318
650317
650316
650315
650312
650336
650335
650332
650327
650328
650323
650322
650321
650366
650365
650354
650353
650351
650368
650367
650364
650355
650350
650375
650370
650380
650379
650378
650392
650391
650387
650394
650393
650390
650389
650386
650408
650404
650403
650397
650405
650396
650425
650423
650422
650417
650416
650424
650421
650420
650419
650418
650434
650433
650428
650427
650426
650457
650456
650452
650450
650449
650453
650451
650445
650444
650443
650472
650469
650466
650464
650462
650461
650488
650485
650482
650481
650480
650476
650475
650474
650500
650499
650498
650497
650509
650529
650528
650526
650520
650519
650527
650516
650515
650536
650535
650558
650557
650550
650560
650556
650552
650551
650549
650572
650566
650571
650570
650596
650585
650582
650584
650581
650580
650621
650618
650617
650616
650615
650622
650619
650614
650613
650609
650632
650630
650629
650625
650655
650654
650652
650651
650649
650656
650653
650650
650647
650646
650678
650663
650670
650668
650666
650665
650661
650701
650700
650698
650697
650696
650709
650703
650702
650699
650695
650715
650714
650712
650711
650713
650739
650738
650737
650735
650734
650736
650721
650720
650759
650757
650756
650752
650754
650753
650785
650784
650783
650776
650769
650786
650782
650781
650775
650774
650802
650791
650797
650790
650789
650811
650810
650809
650803
650816
650827
650826
650823
650822
650817
650829
650828
650825
650821
650818
650858
650839
650859
650855
650852
650851
650850
650877
650876
650874
650873
650872
650879
650878
650875
650870
650888
650887
650886
650885
650932
650930
650921
650920
650917
650922
650919
650915
650937
650938
650936
650934
650957
650956
650953
650950
650948
650955
650952
650951
650949
650969
650966
650965
650961
650960
650989
650988
650987
650986
650983
650991
650990
650985
650982
651045
651038
651032
651023
651022
651030
651024
651020
651014
651013
651057
651049
651067
651073
651069
651066
651065
651064
651112
651111
651109
651108
651107
651133
651132
651113
651110
651106
651157
651156
651152
651144
651151
651150
651143
651142
651140
651188
651187
651178
651168
651166
651197
651196
651186
651169
651167
651243
651234
651233
651232
651229
651247
651235
651231
651228
651227
651254
651270
651269
651268
651267
651263
651271
651266
651262
651317
651316
651302
651301
651300
651315
651314
651303
651293
651352
651329
651328
651351
651327
651361
651359
651358
651355
651418
651417
651415
651387
651379
651408
651407
651398
651381
651380
651432
651431
651430
651427
651438
651435
651433
651456
651453
651450
651448
651455
651454
651452
651451
651449
651462
651460
651461
651482
651481
651480
651476
651469
651492
651491
651483
651479
651475
651496
651511
651510
651561
651560
651559
651554
651552
651551
651545
651537
651519
651589
651574
651587
651586
651583
651582
651581
651601
651600
651599
651598
651621
651616
651614
651612
651611
651622
651615
651613
651610
651629
651640
651639
651638
651655
651666
651667
651694
651693
651691
651690
651686
651692
651689
651683
651682
651733
651732
651731
651729
651728
651730
651727
651723
651713
651708
651778
651777
651774
651773
651772
651780
651779
651776
651770
651769
651799
651798
651796
651792
651789
651801
651800
651797
651795
651794
651825
651824
651822
651819
651817
651823
651818
651815
651814
651827
651826
651834
651832
651831
651842
651844
651843
651845
651863
651855
651853
651851
651850
651881
651880
651875
651874
651873
651879
651887
651885
651886
651884
651914
651912
651906
651904
651900
651909
651905
651902
651901
651895
651920
651921
651919
651932
651931
651929
651927
651930
651940
651934
651939
651938
651937
651935
651971
651967
651966
651965
651964
651957
651953
651952
651948
651945
651994
651992
651989
651985
651983
651991
651980
651979
651974
651973
652025
652024
652022
652021
652018
652027
652026
652023
652020
652009
652051
652048
652046
652044
652043
652056
652055
652054
652053
652052
652061
652060
652059
652058
652070
652062
652072
652069
652067
652066
652063
652089
652087
652085
652084
652083
652088
652086
652082
652081
652080
652115
652114
652113
652111
652110
652112
652109
652108
652105
652102
652121
652120
652119
652118
652117
652141
652140
652138
652136
652135
652131
652126
652176
652175
652172
652171
652170
652177
652174
652173
652167
652163
